100
33517 -53413
-58938 84651
-1417 70593
11823 47134
60107 74080
20480 -38517
67838 5486
13115 2723
-68694 -98287
-63814 71752
-80199 50380
93334 -40067
-42028 17309
-88580 21059
28486 5176
-49415 -58556
18518 -31057
43319 -9809
-81581 -73859
-39174 79113
83631 19307
36727 62614
-78132 39601
57281 -1226
86244 57027
33553 11129
-59130 75678
23523 -9588
48398 99223
49570 60652
-65701 59982
-56222 -67023
93354 89953
38514 3185
-56483 -35881
16369 -26938
-60120 84421
-60605 -15299
60219 -33393
38297 -8007
36048 -13729
36574 -16068
-84489 -29411
-44070 -98449
-98593 -25736
59054 70217
-78622 74398
-37583 -67996
-38682 75463
8949 4938
2769 -59306
-41419 -56655
32274 -17424
-79550 91806
8649 8593
17713 63785
94797 -85888
-49955 9689
-79580 48615
-97338 96028
-64467 97572
-2536 -51113
1260 95712
46759 41888
-69058 63541
-89243 -96268
-57295 24418
-18037 73492
-87613 71698
27320 -49016
-10388 -92375
6166 94090
91144 98393
9635 31716
87973 -59983
-28440 -74134
62511 96490
75087 54482
90184 -66782
-3501 -50121
3887 -67223
4028 41067
-81216 -55690
71405 -19314
38631 -33808
-88790 -16381
58475 42570
55482 25372
-26492 27106
-39144 75078
62195 -92166
86640 -26762
36750 92074
9115 -28601
-87611 -31863
14015 13986
73573 17603
56143 -380
-5562 42268
-70147 35988
